2018-01-30 20:50:37.008 @ ||3|11591.780000|0|1|11485.920000|0|11591.590000|0|0|0.000000|12082.470000|11404.220000|0.000000|0.000000|0.000000
2018-01-30 20:50:38.764 @ ||3|11591.780000|0|1|11492.010000|0|11591.490000|0|0|0.000000|12082.470000|11404.220000|0.000000|0.000000|0.000000
2018-01-30 20:50:40.547 @ ||3|11591.780000|0|1|11493.020000|0|11591.480000|0|0|0.000000|12082.470000|11404.220000|0.000000|0.000000|0.000000
2018-01-30 20:50:42.324 @ ||3|11591.780000|0|1|11493.030000|0|11591.460000|0|0|0.000000|12082.470000|11404.220000|0.000000|0.000000|0.000000
2018-01-30 20:50:44.100 @ ||3|11591.780000|0|1|11495.050000|0|11591.439900|0|0|0.000000|12082.470000|11404.220000|0.000000|0.000000|0.000000
2018-01-30 20:50:45.870 @ ||3|11591.780000|0|1|11495.050000|0|11591.430000|0|0|0.000000|12082.470000|11404.220000|0.000000|0.000000|0.000000
2018-01-30 20:50:47.666 @ ||3|11591.780000|0|1|11498.080000|0|11591.429900|0|0|0.000000|12082.470000|11404.220000|0.000000|0.000000|0.000000
2018-01-30 21:17:49.332 @ ||3|11491.240000|0|1|11469.660000|0|11591.178400|0|0|0.000000|12082.470000|11404.220000|0.000000|0.000000|0.000000
2018-01-30 21:17:51.130 @ ||3|11491.240000|0|1|11471.680000|0|11591.160000|0|0|0.000000|12082.470000|11404.220000|0.000000|0.000000|0.000000
2018-01-30 21:17:52.917 @ ||3|11491.240000|0|1|11471.680000|0|11591.139800|0|0|0.000000|12082.470000|11404.220000|0.000000|0.000000|0.000000
2018-01-30 21:17:54.702 @ ||3|11491.240000|0|1|11473.710000|0|11591.129800|0|0|0.000000|12082.470000|11404.220000|0.000000|0.000000|0.000000
2018-01-30 21:17:56.484 @ ||3|11491.240000|0|1|11474.710000|0|11591.109400|0|0|0.000000|12082.470000|11404.220000|0.000000|0.000000|0.000000
2018-01-30 21:17:58.285 @ ||3|11491.240000|0|1|11475.730000|0|11591.099000|0|0|0.000000|12082.470000|11404.220000|0.000000|0.000000|0.000000
2018-01-30 21:18:00.070 @ ||3|11491.240000|0|1|11476.740000|0|11591.079000|0|0|0.000000|12082.470000|11404.220000|0.000000|0.000000|0.000000
2018-01-30 21:18:01.873 @ ||3|11491.240000|0|1|11477.750000|0|11591.058800|0|0|0.000000|12082.470000|11404.220000|0.000000|0.000000|0.000000
2018-01-30 21:18:03.677 @ ||3|11491.240000|0|1|11478.760000|0|11591.048600|0|0|0.000000|12082.470000|11404.220000|0.000000|0.000000|0.000000
2018-01-30 21:18:05.482 @ ||3|11491.240000|0|1|11479.790000|0|11591.029800|0|0|0.000000|12082.470000|11404.220000|0.000000|0.000000|0.000000
2018-01-30 21:18:07.273 @ ||3|11491.240000|0|1|11480.810000|0|11591.009700|0|0|0.000000|12082.470000|11404.220000|0.000000|0.000000|0.000000
2018-01-30 21:18:09.069 @ ||3|11491.240000|0|1|11482.820000|0|11591.009500|0|0|0.000000|12082.470000|11404.220000|0.000000|0.000000|0.000000
2018-01-30 21:18:10.865 @ ||3|11491.240000|0|1|11483.820000|0|11590.980000|0|0|0.000000|12082.470000|11404.220000|0.000000|0.000000|0.000000
2018-01-30 21:18:12.654 @ ||3|11491.240000|0|1|11484.840000|0|11590.969900|0|0|0.000000|12082.470000|11404.220000|0.000000|0.000000|0.000000
2018-01-30 21:18:14.447 @ ||3|11491.240000|0|1|11485.860000|0|11590.949900|0|0|0.000000|12082.470000|11404.220000|0.000000|0.000000|0.000000
2018-01-30 21:18:16.243 @ ||3|11491.240000|0|1|11487.880000|0|11590.939800|0|0|0.000000|12082.470000|11404.220000|0.000000|0.000000|0.000000
2018-01-30 21:18:18.040 @ ||3|11491.240000|0|1|11488.890000|0|11590.929700|0|0|0.000000|12082.470000|11404.220000|0.000000|0.000000|0.000000
2018-01-30 21:18:19.828 @ ||3|11491.240000|0|1|11490.910000|0|11590.919600|0|0|0.000000|12082.470000|11404.220000|0.000000|0.000000|0.000000
2018-01-30 21:18:21.615 @ ||3|11491.240000|0|1|11491.930000|0|11590.899300|0|0|0.000000|12082.470000|11404.220000|0.000000|0.000000|0.000000
2018-01-30 21:18:23.426 @ ||3|11491.240000|0|1|11492.940000|0|11590.879000|0|0|0.000000|12082.470000|11404.220000|0.000000|0.000000|0.000000
2018-01-30 21:18:25.231 @ ||3|11491.240000|0|1|11493.950000|0|11590.869000|0|0|0.000000|12082.470000|11404.220000|0.000000|0.000000|0.000000
2018-01-30 21:18:27.638 @ ||3|11491.240000|0|1|11494.970000|0|11590.848800|0|0|0.000000|12082.470000|11404.220000|0.000000|0.000000|0.000000
2018-01-30 21:18:29.436 @ ||3|11491.240000|0|1|11495.980000|0|11590.828600|0|0|0.000000|12082.470000|11404.220000|0.000000|0.000000|0.000000
2018-01-30 21:18:31.230 @ ||3|11491.240000|0|1|11496.990000|0|11590.808400|0|0|0.000000|12082.470000|11404.220000|0.000000|0.000000|0.000000
2018-01-30 21:18:33.004 @ ||3|11491.240000|0|1|11499.000000|0|11590.798100|0|0|0.000000|12082.470000|11404.220000|0.000000|0.000000|0.000000
2018-01-30 21:18:34.800 @ ||3|11491.240000|0|1|11500.020000|0|11590.788000|0|0|0.000000|12082.470000|11404.220000|0.000000|0.000000|0.000000
2018-01-30 21:18:36.590 @ ||3|11491.240000|0|1|11501.040000|0|11590.777900|0|0|0.000000|12082.470000|11404.220000|0.000000|0.000000|0.000000
2018-01-30 21:18:38.387 @ ||3|11491.240000|0|1|11503.060000|0|11590.767700|0|0|0.000000|12082.470000|11404.220000|0.000000|0.000000|0.000000
2018-01-30 21:18:40.180 @ ||3|11491.240000|0|1|11504.070000|0|11590.757700|0|0|0.000000|12082.470000|11404.220000|0.000000|0.000000|0.000000
2018-01-30 21:18:41.965 @ ||3|11491.240000|0|1|11506.090000|0|11590.737600|0|0|0.000000|12082.470000|11404.220000|0.000000|0.000000|0.000000
2018-01-30 21:18:43.787 @ ||3|11491.240000|0|1|11507.100000|0|11590.717300|0|0|0.000000|12082.470000|11404.220000|0.000000|0.000000|0.000000
2018-01-30 21:18:45.597 @ ||3|11491.240000|0|1|11509.120000|0|11590.707100|0|0|0.000000|12082.470000|11404.220000|0.000000|0.000000|0.000000
2018-01-30 21:18:47.418 @ ||3|11491.240000|0|1|11510.140000|0|11590.690000|0|0|0.000000|12082.470000|11404.220000|0.000000|0.000000|0.000000
2018-01-30 21:18:49.203 @ ||3|11491.240000|0|1|11512.150000|0|11590.666800|0|0|0.000000|12082.470000|11404.220000|0.000000|0.000000|0.000000
2018-01-30 21:18:50.993 @ ||3|11491.240000|0|1|11513.170000|0|11590.656800|0|0|0.000000|12082.470000|11404.220000|0.000000|0.000000|0.000000
2018-01-30 21:18:52.768 @ ||3|11491.240000|0|1|11515.190000|0|11590.640000|0|0|0.000000|12082.470000|11404.220000|0.000000|0.000000|0.000000
2018-01-30 21:18:54.545 @ ||3|11491.240000|0|1|11516.210000|0|11590.619800|0|0|0.000000|12082.470000|11404.220000|0.000000|0.000000|0.000000
2018-01-30 21:18:56.327 @ ||3|11491.240000|0|1|11517.230000|0|11590.609900|0|0|0.000000|12082.470000|11404.220000|0.000000|0.000000|0.000000
2018-01-30 21:18:58.112 @ ||3|11491.240000|0|1|11517.230000|0|11590.590000|0|0|0.000000|12082.470000|11404.220000|0.000000|0.000000|0.000000
2018-01-30 21:18:59.913 @ ||3|11491.240000|0|1|11520.260000|0|11590.579700|0|0|0.000000|12082.470000|11404.220000|0.000000|0.000000|0.000000
2018-01-30 21:19:01.712 @ ||3|11491.240000|0|1|11520.260000|0|11590.550000|0|0|0.000000|12082.470000|11404.220000|0.000000|0.000000|0.000000
2018-01-30 21:19:03.553 @ ||3|11491.240000|0|1|11522.270000|0|11590.530000|0|0|0.000000|12082.470000|11404.220000|0.000000|0.000000|0.000000
2018-01-30 21:18:52.768 @ ||3|11491.240000|0|1|11515.190000|0|11590.640000|0|0|0.000000|12082.470000|11404.220000|0.000000|0.000000|0.000000
2018-01-30 21:18:54.545 @ ||3|11491.240000|0|1|11516.210000|0|11590.619800|0|0|0.000000|12082.470000|11404.220000|0.000000|0.000000|0.000000
2018-01-30 21:18:56.327 @ ||3|11491.240000|0|1|11517.230000|0|11590.609900|0|0|0.000000|12082.470000|11404.220000|0.000000|0.000000|0.000000
2018-01-30 21:18:58.112 @ ||3|11491.240000|0|1|11517.230000|0|11590.590000|0|0|0.000000|12082.470000|11404.220000|0.000000|0.000000|0.000000
2018-01-30 21:18:59.913 @ ||3|11491.240000|0|1|11520.260000|0|11590.579700|0|0|0.000000|12082.470000|11404.220000|0.000000|0.000000|0.000000
2018-01-30 21:19:01.712 @ ||3|11491.240000|0|1|11520.260000|0|11590.550000|0|0|0.000000|12082.470000|11404.220000|0.000000|0.000000|0.000000
2018-01-30 21:19:03.553 @ ||3|11491.240000|0|1|11522.270000|0|11590.530000|0|0|0.000000|12082.470000|11404.220000|0.000000|0.000000|0.000000
2018-01-30 21:19:05.376 @ ||3|11491.240000|0|1|11522.270000|0|11590.519700|0|0|0.000000|12082.470000|11404.220000|0.000000|0.000000|0.000000
2018-01-30 21:19:07.163 @ ||3|11491.240000|0|1|11522.270000|0|11590.509700|0|0|0.000000|12082.470000|11404.220000|0.000000|0.000000|0.000000
2018-01-30 21:19:08.971 @ ||3|11491.240000|0|1|11522.280000|0|11590.489800|0|0|0.000000|12082.470000|11404.220000|0.000000|0.000000|0.000000
2018-01-30 21:19:10.771 @ ||3|11491.240000|0|1|11523.300000|0|11590.479600|0|0|0.000000|12082.470000|11404.220000|0.000000|0.000000|0.000000
2018-01-30 21:19:12.585 @ ||3|11491.240000|0|1|11523.280100|0|11590.449700|0|0|0.000000|12082.470000|11404.220000|0.000000|0.000000|0.000000
2018-01-30 21:19:14.370 @ ||3|11491.240000|0|1|11523.350000|0|11590.439900|0|0|0.000000|12082.470000|11404.220000|0.000000|0.000000|0.000000
2018-01-30 21:19:16.147 @ ||3|11491.240000|0|1|11523.350000|0|11590.419900|0|0|0.000000|12082.470000|11404.220000|0.000000|0.000000|0.000000
2018-01-30 21:19:17.934 @ ||3|11491.240000|0|1|11523.350000|0|11590.389600|0|0|0.000000|12082.470000|11404.220000|0.000000|0.000000|0.000000
2018-01-30 21:19:19.719 @ ||3|11491.240000|0|1|11523.350000|0|11590.379600|0|0|0.000000|12082.470000|11404.220000|0.000000|0.000000|0.000000
2018-01-30 21:19:21.519 @ ||3|11491.240000|0|1|11523.350000|0|11590.369400|0|0|0.000000|12082.470000|11404.220000|0.000000|0.000000|0.000000
2018-01-30 21:19:23.338 @ ||3|11491.240000|0|1|11523.350000|0|11590.359100|0|0|0.000000|12082.470000|11404.220000|0.000000|0.000000|0.000000
2018-01-30 21:19:25.120 @ ||3|11491.240000|0|1|11456.770000|0|11590.349000|0|0|0.000000|12082.470000|11404.220000|0.000000|0.000000|0.000000
2018-01-30 21:19:26.906 @ ||3|11491.240000|0|1|11456.780100|0|11590.330000|0|0|0.000000|12082.470000|11404.220000|0.000000|0.000000|0.000000
2018-01-30 21:19:28.700 @ ||3|11491.240000|0|1|11457.790100|0|11590.319800|0|0|0.000000|12082.470000|11404.220000|0.000000|0.000000|0.000000
2018-01-30 21:19:30.513 @ ||3|11491.240000|0|1|11457.790100|0|11590.309600|0|0|0.000000|12082.470000|11404.220000|0.000000|0.000000|0.000000
2018-01-30 21:19:32.307 @ ||3|11491.240000|0|1|11459.810000|0|11590.299400|0|0|0.000000|12082.470000|11404.220000|0.000000|0.000000|0.000000
2018-01-30 21:19:34.099 @ ||3|11491.240000|0|1|11459.830000|0|11590.289300|0|0|0.000000|12082.470000|11404.220000|0.000000|0.000000|0.000000
2018-01-30 21:19:35.878 @ ||3|11491.240000|0|1|11460.840000|0|11590.270000|0|0|0.000000|12082.470000|11404.220000|0.000000|0.000000|0.000000
2018-01-30 21:19:37.686 @ ||3|11491.240000|0|1|11460.840000|0|11590.259900|0|0|0.000000|12082.470000|11404.220000|0.000000|0.000000|0.000000
2018-01-30 21:19:39.483 @ ||3|11491.240000|0|1|11462.860000|0|11590.239600|0|0|0.000000|12082.470000|11404.220000|0.000000|0.000000|0.000000
2018-01-30 21:19:41.263 @ ||3|11491.240000|0|1|11462.880000|0|11590.219500|0|0|0.000000|12082.470000|11404.220000|0.000000|0.000000|0.000000
2018-01-30 21:19:43.063 @ ||3|11491.240000|0|1|11464.890000|0|11590.219300|0|0|0.000000|12082.470000|11404.220000|0.000000|0.000000|0.000000
2018-01-30 21:19:44.880 @ ||3|11491.240000|0|1|11464.900000|0|11590.189300|0|0|0.000000|12082.470000|11404.220000|0.000000|0.000000|0.000000
2018-01-30 21:19:46.671 @ ||3|11491.240000|0|1|11466.920000|0|11590.169100|0|0|0.000000|12082.470000|11404.220000|0.000000|0.000000|0.000000
2018-01-30 21:19:48.467 @ ||3|11491.240000|0|1|11467.960000|0|11590.158900|0|0|0.000000|12082.470000|11404.220000|0.000000|0.000000|0.000000
2018-01-30 21:19:50.249 @ ||3|11491.240000|0|1|11469.970000|0|11590.148800|0|0|0.000000|12082.470000|11404.220000|0.000000|0.000000|0.000000
2018-01-30 21:19:52.048 @ ||3|11491.240000|0|1|11470.990000|0|11590.118900|0|0|0.000000|12082.470000|11404.220000|0.000000|0.000000|0.000000
2018-01-30 21:19:53.827 @ ||3|11491.240000|0|1|11472.030100|0|11590.108700|0|0|0.000000|12082.470000|11404.220000|0.000000|0.000000|0.000000
2018-01-30 21:19:55.618 @ ||3|11491.240000|0|1|11473.060000|0|11590.088800|0|0|0.000000|12082.470000|11404.220000|0.000000|0.000000|0.000000
2018-01-30 21:19:57.440 @ ||3|11491.240000|0|1|11474.070000|0|11590.070000|0|0|0.000000|12082.470000|11404.220000|0.000000|0.000000|0.000000
2018-01-30 21:19:59.235 @ ||3|11491.240000|0|1|11475.090000|0|11590.040000|0|0|0.000000|12082.470000|11404.220000|0.000000|0.000000|0.000000
2018-01-30 21:20:01.021 @ ||3|11491.240000|0|1|11476.100000|0|11590.000000|0|0|0.000000|12082.470000|11404.220000|0.000000|0.000000|0.000000
2018-01-30 21:20:02.844 @ ||3|11491.240000|0|1|11478.130000|0|11589.970000|0|0|0.000000|12082.470000|11404.220000|0.000000|0.000000|0.000000
2018-01-30 21:20:04.622 @ ||3|11491.240000|0|1|11479.130000|0|11589.960000|0|0|0.000000|12082.470000|11404.220000|0.000000|0.000000|0.000000
2018-01-30 21:20:06.421 @ ||3|11491.240000|0|1|11481.150000|0|11589.919900|0|0|0.000000|12082.470000|11404.220000|0.000000|0.000000|0.000000
2018-01-30 21:19:55.618 @ ||3|11491.240000|0|1|11473.060000|0|11590.088800|0|0|0.000000|12082.470000|11404.220000|0.000000|0.000000|0.000000
2018-01-30 21:19:57.440 @ ||3|11491.240000|0|1|11474.070000|0|11590.070000|0|0|0.000000|12082.470000|11404.220000|0.000000|0.000000|0.000000
2018-01-30 21:19:59.235 @ ||3|11491.240000|0|1|11475.090000|0|11590.040000|0|0|0.000000|12082.470000|11404.220000|0.000000|0.000000|0.000000
2018-01-30 21:20:01.021 @ ||3|11491.240000|0|1|11476.100000|0|11590.000000|0|0|0.000000|12082.470000|11404.220000|0.000000|0.000000|0.000000
2018-01-30 21:20:02.844 @ ||3|11491.240000|0|1|11478.130000|0|11589.970000|0|0|0.000000|12082.470000|11404.220000|0.000000|0.000000|0.000000
2018-01-30 21:20:04.622 @ ||3|11491.240000|0|1|11479.130000|0|11589.960000|0|0|0.000000|12082.470000|11404.220000|0.000000|0.000000|0.000000
2018-01-30 21:20:06.421 @ ||3|11491.240000|0|1|11481.150000|0|11589.919900|0|0|0.000000|12082.470000|11404.220000|0.000000|0.000000|0.000000
2018-01-30 21:20:08.208 @ ||3|11491.240000|0|1|11482.160000|0|11589.889800|0|0|0.000000|12082.470000|11404.220000|0.000000|0.000000|0.000000
2018-01-30 21:20:09.991 @ ||3|11491.240000|0|1|11484.190000|0|11589.860000|0|0|0.000000|12082.470000|11404.220000|0.000000|0.000000|0.000000
2018-01-30 21:20:11.778 @ ||3|11491.240000|0|1|11485.220000|0|11589.840000|0|0|0.000000|12082.470000|11404.220000|0.000000|0.000000|0.000000
2018-01-30 21:20:13.559 @ ||3|11491.240000|0|1|11486.230000|0|11589.829900|0|0|0.000000|12082.470000|11404.220000|0.000000|0.000000|0.000000
2018-01-30 21:20:15.349 @ ||3|11491.240000|0|1|11487.250000|0|11589.809700|0|0|0.000000|12082.470000|11404.220000|0.000000|0.000000|0.000000
2018-01-30 21:20:17.134 @ ||3|11491.240000|0|1|11487.250000|0|11589.790000|0|0|0.000000|12082.470000|11404.220000|0.000000|0.000000|0.000000
2018-01-30 21:20:18.947 @ ||3|11491.240000|0|1|11489.270000|0|11589.780000|0|0|0.000000|12082.470000|11404.220000|0.000000|0.000000|0.000000
2018-01-30 21:20:20.725 @ ||3|11491.240000|0|1|11489.270000|0|11589.769800|0|0|0.000000|12082.470000|11404.220000|0.000000|0.000000|0.000000
2018-01-30 21:20:23.148 @ ||3|11491.240000|0|1|11491.300000|0|11589.739800|0|0|0.000000|12082.470000|11404.220000|0.000000|0.000000|0.000000
2018-01-30 21:20:24.942 @ ||3|11491.240000|0|1|11492.310000|0|11589.710000|0|0|0.000000|12082.470000|11404.220000|0.000000|0.000000|0.000000
2018-01-30 21:20:26.729 @ ||3|11491.240000|0|1|11493.320000|0|11589.670000|0|0|0.000000|12082.470000|11404.220000|0.000000|0.000000|0.000000
2018-01-30 21:20:28.514 @ ||3|11491.240000|0|1|11494.330000|0|11589.680000|0|0|0.000000|12082.470000|11404.220000|0.000000|0.000000|0.000000
2018-01-30 21:20:30.315 @ ||3|11491.240000|0|1|11496.350000|0|11589.639900|0|0|0.000000|12082.470000|11404.220000|0.000000|0.000000|0.000000
2018-01-30 21:20:32.107 @ ||3|11491.240000|0|1|11497.360100|0|11589.629800|0|0|0.000000|12082.470000|11404.220000|0.000000|0.000000|0.000000
2018-01-30 21:20:33.983 @ ||3|11491.240000|0|1|11499.380000|0|11589.619800|0|0|0.000000|12082.470000|11404.220000|0.000000|0.000000|0.000000
2018-01-30 21:20:35.783 @ ||3|11491.240000|0|1|11500.390000|0|11589.609700|0|0|0.000000|12082.470000|11404.220000|0.000000|0.000000|0.000000
2018-01-30 21:20:37.583 @ ||3|11491.240000|0|1|11501.410000|0|11589.589900|0|0|0.000000|12082.470000|11404.220000|0.000000|0.000000|0.000000
2018-01-30 21:20:39.421 @ ||3|11491.240000|0|1|11501.420000|0|11589.579900|0|0|0.000000|12082.470000|11404.220000|0.000000|0.000000|0.000000
2018-01-30 21:20:41.203 @ ||3|11491.240000|0|1|11503.450000|0|11589.559500|0|0|0.000000|12082.470000|11404.220000|0.000000|0.000000|0.000000
2018-01-30 21:20:43.004 @ ||3|11491.240000|0|1|11504.460000|0|11589.549500|0|0|0.000000|12082.470000|11404.220000|0.000000|0.000000|0.000000
2018-01-30 21:20:44.793 @ ||3|11491.240000|0|1|11505.490000|0|11589.539400|0|0|0.000000|12082.470000|11404.220000|0.000000|0.000000|0.000000
2018-01-30 21:20:46.597 @ ||3|11491.240000|0|1|11506.490000|0|11589.509000|0|0|0.000000|12082.470000|11404.220000|0.000000|0.000000|0.000000
2018-01-30 21:20:48.392 @ ||3|11491.240000|0|1|11507.510000|0|11589.488900|0|0|0.000000|12082.470000|11404.220000|0.000000|0.000000|0.000000
2018-01-30 21:20:50.175 @ ||3|11491.240000|0|1|11508.510000|0|11589.460000|0|0|0.000000|12082.470000|11404.220000|0.000000|0.000000|0.000000
2018-01-30 21:20:51.971 @ ||3|11491.240000|0|1|11510.530000|0|11589.449800|0|0|0.000000|12082.470000|11404.220000|0.000000|0.000000|0.000000
2018-01-30 21:20:53.762 @ ||3|11491.240000|0|1|11511.540100|0|11589.410000|0|0|0.000000|12082.470000|11404.220000|0.000000|0.000000|0.000000
2018-01-30 21:20:55.541 @ ||3|11491.240000|0|1|11513.560000|0|11589.390000|0|0|0.000000|12082.470000|11404.220000|0.000000|0.000000|0.000000
2018-01-30 21:20:57.342 @ ||3|11491.240000|0|1|11513.570000|0|11589.379800|0|0|0.000000|12082.470000|11404.220000|0.000000|0.000000|0.000000
2018-01-30 21:20:59.123 @ ||3|11491.240000|0|1|11515.600000|0|11589.369700|0|0|0.000000|12082.470000|11404.220000|0.000000|0.000000|0.000000
2018-01-30 21:21:00.915 @ ||3|11491.240000|0|1|11515.600000|0|11589.359500|0|0|0.000000|12082.470000|11404.220000|0.000000|0.000000|0.000000
2018-01-30 21:21:02.701 @ ||3|11491.240000|0|1|11517.620000|0|11589.349400|0|0|0.000000|12082.470000|11404.220000|0.000000|0.000000|0.000000
2018-01-30 21:21:04.499 @ ||3|11491.240000|0|1|11518.640000|0|11589.339200|0|0|0.000000|12082.470000|11404.220000|0.000000|0.000000|0.000000
2018-01-30 21:21:06.312 @ ||3|11491.240000|0|1|11520.660000|0|11589.329200|0|0|0.000000|12082.470000|11404.220000|0.000000|0.000000|0.000000
2018-01-30 21:21:08.107 @ ||3|11491.240000|0|1|11521.670000|0|11589.319900|0|0|0.000000|12082.470000|11404.220000|0.000000|0.000000|0.000000
2018-01-30 21:21:09.904 @ ||3|11491.240000|0|1|11521.670000|0|11589.299800|0|0|0.000000|12082.470000|11404.220000|0.000000|0.000000|0.000000
2018-01-30 21:20:59.123 @ ||3|11491.240000|0|1|11515.600000|0|11589.369700|0|0|0.000000|12082.470000|11404.220000|0.000000|0.000000|0.000000
2018-01-30 21:21:00.915 @ ||3|11491.240000|0|1|11515.600000|0|11589.359500|0|0|0.000000|12082.470000|11404.220000|0.000000|0.000000|0.000000
2018-01-30 21:21:02.701 @ ||3|11491.240000|0|1|11517.620000|0|11589.349400|0|0|0.000000|12082.470000|11404.220000|0.000000|0.000000|0.000000
2018-01-30 21:21:04.499 @ ||3|11491.240000|0|1|11518.640000|0|11589.339200|0|0|0.000000|12082.470000|11404.220000|0.000000|0.000000|0.000000
2018-01-30 21:21:06.312 @ ||3|11491.240000|0|1|11520.660000|0|11589.329200|0|0|0.000000|12082.470000|11404.220000|0.000000|0.000000|0.000000
2018-01-30 21:21:08.108 @ ||3|11491.240000|0|1|11521.670000|0|11589.319900|0|0|0.000000|12082.470000|11404.220000|0.000000|0.000000|0.000000
2018-01-30 21:21:09.904 @ ||3|11491.240000|0|1|11521.670000|0|11589.299800|0|0|0.000000|12082.470000|11404.220000|0.000000|0.000000|0.000000
2018-01-30 21:21:11.682 @ ||3|11491.240000|0|1|11521.670000|0|11589.280000|0|0|0.000000|12082.470000|11404.220000|0.000000|0.000000|0.000000
2018-01-30 21:21:13.471 @ ||3|11491.240000|0|1|11521.670000|0|11589.269600|0|0|0.000000|12082.470000|11404.220000|0.000000|0.000000|0.000000
2018-01-30 21:21:15.259 @ ||3|11491.240000|0|1|11521.670000|0|11589.259500|0|0|0.000000|12082.470000|11404.220000|0.000000|0.000000|0.000000
2018-01-30 21:21:17.064 @ ||3|11491.240000|0|1|11521.680000|0|11589.239400|0|0|0.000000|12082.470000|11404.220000|0.000000|0.000000|0.000000
2018-01-30 21:21:18.846 @ ||3|11491.240000|0|1|11521.680000|0|11589.229300|0|0|0.000000|12082.470000|11404.220000|0.000000|0.000000|0.000000
2018-01-30 21:21:20.635 @ ||3|11491.240000|0|1|11521.680000|0|11589.209400|0|0|0.000000|12082.470000|11404.220000|0.000000|0.000000|0.000000
2018-01-30 21:21:22.434 @ ||3|11491.240000|0|1|11521.680000|0|11589.199200|0|0|0.000000|12082.470000|11404.220000|0.000000|0.000000|0.000000
2018-01-30 21:21:24.228 @ ||3|11491.240000|0|1|11521.680000|0|11589.188900|0|0|0.000000|12082.470000|11404.220000|0.000000|0.000000|0.000000
2018-01-30 21:21:26.038 @ ||3|11491.240000|0|1|11521.680000|0|11589.178600|0|0|0.000000|12082.470000|11404.220000|0.000000|0.000000|0.000000
2018-01-30 21:21:27.833 @ ||3|11491.240000|0|1|11521.680000|0|11589.168500|0|0|0.000000|12082.470000|11404.220000|0.000000|0.000000|0.000000
2018-01-30 21:21:29.629 @ ||3|11491.240000|0|1|11521.680000|0|11589.148600|0|0|0.000000|12082.470000|11404.220000|0.000000|0.000000|0.000000
2018-01-30 21:21:31.414 @ ||3|11491.240000|0|1|11521.680000|0|11589.128500|0|0|0.000000|12082.470000|11404.220000|0.000000|0.000000|0.000000
2018-01-30 21:21:33.211 @ ||3|11491.240000|0|1|11521.680000|0|11589.108300|0|0|0.000000|12082.470000|11404.220000|0.000000|0.000000|0.000000
2018-01-30 21:21:35.041 @ ||3|11491.240000|0|1|11458.070000|0|11589.108200|0|0|0.000000|12082.470000|11404.220000|0.000000|0.000000|0.000000
2018-01-30 21:21:36.838 @ ||3|11491.240000|0|1|11458.070000|0|11589.098000|0|0|0.000000|12082.470000|11404.220000|0.000000|0.000000|0.000000
2018-01-30 21:21:38.614 @ ||3|11491.240000|0|1|11459.080000|0|11589.088000|0|0|0.000000|12082.470000|11404.220000|0.000000|0.000000|0.000000
2018-01-30 21:21:40.416 @ ||3|11491.240000|0|1|11459.080000|0|11589.059700|0|0|0.000000|12082.470000|11404.220000|0.000000|0.000000|0.000000
2018-01-30 21:21:42.226 @ ||3|11491.240000|0|1|11460.090000|0|11589.049500|0|0|0.000000|12082.470000|11404.220000|0.000000|0.000000|0.000000
2018-01-30 21:21:44.034 @ ||3|11491.240000|0|1|11460.100000|0|11589.039500|0|0|0.000000|12082.470000|11404.220000|0.000000|0.000000|0.000000
2018-01-30 21:21:45.828 @ ||3|11491.240000|0|1|11462.130000|0|11589.009900|0|0|0.000000|12082.470000|11404.220000|0.000000|0.000000|0.000000
2018-01-30 21:21:47.640 @ ||3|11491.240000|0|1|11463.150000|0|11588.970000|0|0|0.000000|12082.470000|11404.220000|0.000000|0.000000|0.000000
2018-01-30 21:21:49.437 @ ||3|11491.240000|0|1|11465.170000|0|11588.940000|0|0|0.000000|12082.470000|11404.220000|0.000000|0.000000|0.000000
2018-01-30 21:21:51.213 @ ||3|11491.240000|0|1|11466.200000|0|11588.929900|0|0|0.000000|12082.470000|11404.220000|0.000000|0.000000|0.000000
2018-01-30 21:21:53.619 @ ||3|11491.240000|0|1|11469.210000|0|11588.879900|0|0|0.000000|12082.470000|11404.220000|0.000000|0.000000|0.000000
2018-01-30 21:21:55.538 @ ||3|11491.240000|0|1|11470.230000|0|11588.849900|0|0|0.000000|12082.470000|11404.220000|0.000000|0.000000|0.000000
2018-01-30 21:21:57.308 @ ||3|11491.240000|0|1|11472.250000|0|11588.809900|0|0|0.000000|12082.470000|11404.220000|0.000000|0.000000|0.000000
2018-01-30 21:21:59.062 @ ||3|11491.240000|0|1|11473.280000|0|11588.790000|0|0|0.000000|12082.470000|11404.220000|0.000000|0.000000|0.000000
2018-01-30 21:22:00.830 @ ||3|11491.240000|0|1|11475.290000|0|11588.770000|0|0|0.000000|12082.470000|11404.220000|0.000000|0.000000|0.000000
2018-01-30 21:22:02.584 @ ||3|11491.240000|0|1|11475.300000|0|11588.739700|0|0|0.000000|12082.470000|11404.220000|0.000000|0.000000|0.000000
2018-01-30 21:22:04.374 @ ||3|11491.240000|0|1|11477.320000|0|11588.729700|0|0|0.000000|12082.470000|11404.220000|0.000000|0.000000|0.000000
2018-01-30 21:22:06.144 @ ||3|11491.240000|0|1|11477.350000|0|11588.699800|0|0|0.000000|12082.470000|11404.220000|0.000000|0.000000|0.000000
2018-01-30 21:22:07.906 @ ||3|11491.240000|0|1|11479.360100|0|11588.670000|0|0|0.000000|12082.470000|11404.220000|0.000000|0.000000|0.000000
2018-01-30 21:22:09.665 @ ||3|11491.240000|0|1|11479.380000|0|11588.630000|0|0|0.000000|12082.470000|11404.220000|0.000000|0.000000|0.000000
2018-01-30 21:22:11.421 @ ||3|11491.240000|0|1|11481.390000|0|11588.600000|0|0|0.000000|12082.470000|11404.220000|0.000000|0.000000|0.000000
2018-01-30 21:22:13.179 @ ||3|11491.240000|0|1|11481.410000|0|11588.570000|0|0|0.000000|12082.470000|11404.220000|0.000000|0.000000|0.000000
2018-01-30 21:22:14.928 @ ||3|11491.240000|0|1|11482.430000|0|11588.540000|0|0|0.000000|12082.470000|11404.220000|0.000000|0.000000|0.000000
2018-01-30 21:22:16.842 @ ||3|11491.240000|0|1|11483.460000|0|11588.500000|0|0|0.000000|12082.470000|11404.220000|0.000000|0.000000|0.000000
2018-01-30 21:22:18.627 @ ||3|11491.240000|0|1|11484.470000|0|11588.470000|0|0|0.000000|12082.470000|11404.220000|0.000000|0.000000|0.000000
2018-01-30 21:22:20.389 @ ||3|11491.240000|0|1|11485.480000|0|11588.430000|0|0|0.000000|12082.470000|11404.220000|0.000000|0.000000|0.000000
2018-01-30 21:22:22.144 @ ||3|11491.240000|0|1|11486.490000|0|11588.429800|0|0|0.000000|12082.470000|11404.220000|0.000000|0.000000|0.000000
2018-01-30 21:22:23.908 @ ||3|11491.240000|0|1|11487.500000|0|11588.409900|0|0|0.000000|12082.470000|11404.220000|0.000000|0.000000|0.000000
2018-01-30 21:22:25.672 @ ||3|11491.240000|0|1|11489.510000|0|11588.389800|0|0|0.000000|12082.470000|11404.220000|0.000000|0.000000|0.000000
